Transmission monitoring at 550.0000 nm and 0.00 degrees for unpolarized light
layer  thickness (nm)               T
    0        0.000000        0.918671
    0        1.000000        0.918512
    0        2.000000        0.918033
    0        3.000000        0.917238
    0        4.000000        0.916131
    0        5.000000        0.914715
    0        6.000000        0.912998
    0        7.000000        0.910986
    0        8.000000        0.908690
    0        9.000000        0.906118
    0       10.000000        0.903282
    0       11.000000        0.900194
    0       12.000000        0.896866
    0       13.000000        0.893313
    0       14.000000        0.889547
    0       15.000000        0.885585
    0       16.000000        0.881441
    0       17.000000        0.877132
    0       18.000000        0.872672
    0       19.000000        0.868078
    0       20.000000        0.863365
    0       21.000000        0.858550
    0       22.000000        0.853649
    0       23.000000        0.848678
    0       24.000000        0.843650
    0       25.000000        0.838583
    0       26.000000        0.833490
    0       27.000000        0.828386
    0       28.000000        0.823284
    0       29.000000        0.818198
    0       30.000000        0.813141
    0       31.000000        0.808124
    0       32.000000        0.803160
    0       33.000000        0.798260
    0       34.000000        0.793434
    0       35.000000        0.788693
    0       36.000000        0.784045
    0       37.000000        0.779500
    0       38.000000        0.775065
    0       39.000000        0.770750
    0       40.000000        0.766560
    0       41.000000        0.762503
    0       42.000000        0.758586
    0       43.000000        0.754813
    0       44.000000        0.751190
    0       45.000000        0.747723
    0       46.000000        0.744415
    0       47.000000        0.741272
    0       48.000000        0.738296
    0       49.000000        0.735492
    0       50.000000        0.732862
    0       51.000000        0.730410
    0       52.000000        0.728137
    0       53.000000        0.726047
    0       54.000000        0.724141
    0       55.000000        0.722421
    0       56.000000        0.720889
    0       57.000000        0.719546
    0       58.000000        0.718393
    0       59.000000        0.717432
    0       60.000000        0.716663
    0       61.000000        0.716086
    0       62.000000        0.715703
    0       63.000000        0.715514
    0       64.000000        0.715518
    0       65.000000        0.715716
    0       66.000000        0.716108
    0       67.000000        0.716693
    0       68.000000        0.717470
    0       69.000000        0.718440
    0       70.000000        0.719601
    0       71.000000        0.720953
    0       72.000000        0.722493
    0       73.000000        0.724221
    0       74.000000        0.726136
    0       75.000000        0.728234
    0       76.000000        0.730515
    0       77.000000        0.732975
    0       78.000000        0.735613
    0       79.000000        0.738425
    0       80.000000        0.741408
    0       81.000000        0.744558
    0       82.000000        0.747873
    0       83.000000        0.751347
    0       84.000000        0.754977
    0       85.000000        0.758756
    0       86.000000        0.762680
    0       87.000000        0.766743
    0       88.000000        0.770938
    0       89.000000        0.775259
    0       90.000000        0.779699
    0       91.000000        0.784249
    0       92.000000        0.788901
    0       93.000000        0.793646
    0       94.000000        0.798476
    0       95.000000        0.803379
    0       95.168294        0.804211
    1       95.168294        0.804211
    1       96.168294        0.805858
    1       97.168294        0.807574
    1       98.168294        0.809356
    1       99.168294        0.811203
    1      100.168294        0.813114
    1      101.168294        0.815087
    1      102.168294        0.817122
    1      103.168294        0.819216
    1      104.168294        0.821368
    1      105.168294        0.823576
    1      106.168294        0.825839
    1      107.168294        0.828155
    1      108.168294        0.830522
    1      109.168294        0.832937
    1      110.168294        0.835400
    1      111.168294        0.837907
    1      112.168294        0.840456
    1      113.168294        0.843046
    1      114.168294        0.845673
    1      115.168294        0.848335
    1      116.168294        0.851030
    1      117.168294        0.853755
    1      118.168294        0.856507
    1      119.168294        0.859283
    1      120.168294        0.862081
    1      121.168294        0.864897
    1      122.168294        0.867729
    1      123.168294        0.870573
    1      124.168294        0.873425
    1      125.168294        0.876284
    1      126.168294        0.879144
    1      127.168294        0.882003
    1      128.168294        0.884857
    1      129.168294        0.887703
    1      130.168294        0.890537
    1      131.168294        0.893355
    1      132.168294        0.896154
    1      133.168294        0.898929
    1      134.168294        0.901677
    1      135.168294        0.904394
    1      136.168294        0.907077
    1      137.168294        0.909720
    1      138.168294        0.912322
    1      139.168294        0.914876
    1      140.168294        0.917381
    1      141.168294        0.919831
    1      142.168294        0.922223
    1      143.168294        0.924554
    1      144.168294        0.926818
    1      145.168294        0.929014
    1      146.168294        0.931137
    1      147.168294        0.933184
    1      148.168294        0.935150
    1      149.168294        0.937034
    1      150.168294        0.938831
    1      151.168294        0.940539
    1      152.168294        0.942155
    1      153.168294        0.943675
    1      154.168294        0.945097
    1      155.168294        0.946418
    1      156.168294        0.947637
    1      157.168294        0.948750
    1      158.168294        0.949757
    1      159.168294        0.950654
    1      160.168294        0.951440
    1      161.168294        0.952114
    1      162.168294        0.952675
    1      163.168294        0.953121
    1      164.168294        0.953452
    1      165.168294        0.953667
    1      166.168294        0.953766
    1      167.168294        0.953748
    1      168.168294        0.953613
    1      169.168294        0.953363
    1      170.168294        0.952996
    1      171.168294        0.952515
    1      172.168294        0.951919
    1      173.168294        0.951210
    1      174.168294        0.950389
    1      175.168294        0.949459
    1      176.168294        0.948419
    1      177.168294        0.947273
    1      178.168294        0.946023
    1      179.168294        0.944670
    1      180.168294        0.943218
    1      181.168294        0.941668
    1      182.168294        0.940024
    1      183.168294        0.938288
    1      184.168294        0.936464
    1      185.168294        0.934554
    1      186.168294        0.932562
    1      187.168294        0.930492
    1      188.168294        0.928346
    1      189.168294        0.926129
    1      190.168294        0.923843
    1      191.168294        0.921494
    1      192.168294        0.919083
    1      193.168294        0.916616
    1      194.168294        0.914096
    1      195.168294        0.911526
    1      195.702874        0.910134
    2      195.702874        0.910134
    2      196.702874        0.901861
    2      197.702874        0.893121
    2      198.702874        0.883965
    2      199.702874        0.874445
    2      200.702874        0.864614
    2      201.702874        0.854523
    2      202.702874        0.844220
    2      203.702874        0.833754
    2      204.702874        0.823171
    2      205.702874        0.812514
    2      206.702874        0.801825
    2      207.702874        0.791141
    2      208.702874        0.780499
    2      209.702874        0.769931
    2      210.702874        0.759469
    2      211.702874        0.749139
    2      212.702874        0.738966
    2      213.702874        0.728973
    2      214.702874        0.719181
    2      215.702874        0.709606
    2      216.702874        0.700264
    2      217.702874        0.691169
    2      218.702874        0.682333
    2      219.702874        0.673766
    2      220.702874        0.665476
    2      221.702874        0.657471
    2      222.702874        0.649756
    2      223.702874        0.642335
    2      224.702874        0.635213
    2      225.702874        0.628392
    2      226.702874        0.621873
    2      227.702874        0.615660
    2      228.702874        0.609750
    2      229.702874        0.604146
    2      230.702874        0.598847
    2      231.702874        0.593852
    2      232.702874        0.589160
    2      233.702874        0.584770
    2      234.702874        0.580680
    2      235.702874        0.576890
    2      236.702874        0.573398
    2      237.702874        0.570202
    2      238.702874        0.567301
    2      239.702874        0.564693
    2      240.702874        0.562378
    2      241.702874        0.560353
    2      242.702874        0.558618
    2      243.702874        0.557171
    2      244.702874        0.556013
    2      245.702874        0.555141
    2      246.702874        0.554555
    2      247.702874        0.554256
    2      248.702874        0.554243
    2      249.702874        0.554515
    2      250.702874        0.555074
    2      251.702874        0.555919
    2      252.702874        0.557051
    2      253.702874        0.558470
    2      254.702874        0.560178
    2      255.702874        0.562176
    2      256.702874        0.564464
    2      256.925882        0.565014
    3      256.925882        0.565014
    3      257.925882        0.565882
    3      258.925882        0.566856
    3      259.925882        0.567935
    3      260.925882        0.569120
    3      261.925882        0.570410
    3      262.925882        0.571806
    3      263.925882        0.573307
    3      264.925882        0.574913
    3      265.925882        0.576624
    3      266.925882        0.578440
    3      267.925882        0.580360
    3      268.925882        0.582385
    3      269.925882        0.584514
    3      270.925882        0.586746
    3      271.925882        0.589082
    3      272.925882        0.591520
    3      273.925882        0.594061
    3      274.925882        0.596704
    3      275.925882        0.599447
    3      276.925882        0.602291
    3      277.925882        0.605234
    3      278.925882        0.608276
    3      279.925882        0.611416
    3      280.925882        0.614652
    3      281.925882        0.617984
    3      282.925882        0.621409
    3      283.925882        0.624926
    3      284.925882        0.628535
    3      285.925882        0.632232
    3      286.925882        0.636017
    3      287.925882        0.639887
    3      288.925882        0.643839
    3      289.925882        0.647872
    3      290.925882        0.651983
    3      291.925882        0.656168
    3      292.925882        0.660425
    3      293.925882        0.664751
    3      294.925882        0.669143
    3      295.925882        0.673595
    3      296.925882        0.678106
    3      297.925882        0.682669
    3      298.925882        0.687282
    3      299.925882        0.691939
    3      300.925882        0.696635
    3      301.925882        0.701365
    3      302.925882        0.706125
    3      303.925882        0.710907
    3      304.925882        0.715706
    3      305.925882        0.720515
    3      306.925882        0.725329
    3      307.925882        0.730140
    3      308.925882        0.734942
    3      309.925882        0.739727
    3      310.925882        0.744487
    3      311.925882        0.749215
    3      312.925882        0.753903
    3      313.925882        0.758542
    3      314.925882        0.763125
    3      315.925882        0.767643
    3      316.925882        0.772087
    3      317.925882        0.776449
    3      318.925882        0.780720
    3      319.925882        0.784890
    3      320.925882        0.788952
    3      321.925882        0.792897
    3      322.925882        0.796714
    3      323.925882        0.800397
    3      324.925882        0.803936
    3      325.925882        0.807323
    3      326.925882        0.810550
    3      327.925882        0.813608
    3      328.925882        0.816491
    3      329.925882        0.819190
    3      330.925882        0.821699
    3      331.925882        0.824012
    3      332.925882        0.826121
    3      333.925882        0.828022
    3      334.925882        0.829710
    3      335.925882        0.831179
    3      336.925882        0.832425
    3      337.925882        0.833446
    3      338.925882        0.834238
    3      339.925882        0.834798
    3      340.925882        0.835127
    3      341.925882        0.835222
    3      342.925882        0.835083
    3      343.925882        0.834711
    3      344.925882        0.834107
    3      345.718118        0.833464
    4      345.718118        0.833464
    4      346.718118        0.829916
    4      347.718118        0.824840
    4      348.718118        0.818303
    4      349.718118        0.810392
    4      350.718118        0.801208
    4      351.718118        0.790863
    4      352.718118        0.779479
    4      353.718118        0.767183
    4      354.718118        0.754103
    4      355.718118        0.740370
    4      356.718118        0.726108
    4      357.718118        0.711441
    4      358.718118        0.696482
    4      359.718118        0.681340
    4      360.718118        0.666112
    4      361.718118        0.650888
    4      362.718118        0.635747
    4      363.718118        0.620760
    4      364.718118        0.605989
    4      365.718118        0.591485
    4      366.718118        0.577294
    4      367.718118        0.563451
    4      368.718118        0.549987
    4      369.718118        0.536925
    4      370.718118        0.524283
    4      371.718118        0.512074
    4      372.718118        0.500307
    4      373.718118        0.488986
    4      374.718118        0.478114
    4      375.718118        0.467690
    4      376.718118        0.457710
    4      377.718118        0.448170
    4      378.718118        0.439063
    4      379.718118        0.430382
    4      380.718118        0.422118
    4      381.718118        0.414262
    4      382.718118        0.406805
    4      383.718118        0.399736
    4      384.718118        0.393046
    4      385.718118        0.386725
    4      386.718118        0.380763
    4      387.718118        0.375149
    4      388.718118        0.369875
    4      389.718118        0.364932
    4      390.718118        0.360310
    4      391.718118        0.356001
    4      392.718118        0.351997
    4      393.718118        0.348291
    4      394.718118        0.344875
    4      395.718118        0.341743
    4      396.718118        0.338889
    4      397.718118        0.336307
    4      398.718118        0.333991
    4      399.718118        0.331938
    4      400.718118        0.330144
    4      401.718118        0.328603
    4      402.175616        0.327983
    5      402.175616        0.327983
    5      403.175616        0.327600
    5      404.175616        0.327299
    5      405.175616        0.327080
    5      406.175616        0.326943
    5      407.175616        0.326888
    5      408.175616        0.326915
    5      409.175616        0.327023
    5      410.175616        0.327213
    5      411.175616        0.327485
    5      412.175616        0.327839
    5      413.175616        0.328275
    5      414.175616        0.328793
    5      415.175616        0.329394
    5      416.175616        0.330078
    5      417.175616        0.330844
    5      418.175616        0.331693
    5      419.175616        0.332626
    5      420.175616        0.333642
    5      421.175616        0.334743
    5      422.175616        0.335927
    5      423.175616        0.337197
    5      424.175616        0.338551
    5      425.175616        0.339990
    5      426.175616        0.341516
    5      427.175616        0.343127
    5      428.175616        0.344825
    5      429.175616        0.346609
    5      430.175616        0.348481
    5      431.175616        0.350440
    5      432.175616        0.352487
    5      433.175616        0.354622
    5      434.175616        0.356846
    5      435.175616        0.359158
    5      436.175616        0.361559
    5      437.175616        0.364049
    5      438.175616        0.366628
    5      439.175616        0.369296
    5      440.175616        0.372053
    5      441.175616        0.374899
    5      442.175616        0.377834
    5      443.175616        0.380857
    5      444.175616        0.383969
    5      445.175616        0.387168
    5      446.175616        0.390454
    5      447.175616        0.393825
    5      448.175616        0.397282
    5      449.175616        0.400823
    5      450.175616        0.404447
    5      451.175616        0.408151
    5      452.175616        0.411935
    5      453.175616        0.415797
    5      454.175616        0.419734
    5      455.175616        0.423743
    5      456.175616        0.427823
    5      457.175616        0.431970
    5      458.175616        0.436181
    5      459.175616        0.440452
    5      460.175616        0.444779
    5      461.175616        0.449158
    5      462.175616        0.453585
    5      463.175616        0.458054
    5      464.175616        0.462560
    5      465.175616        0.467097
    5      466.175616        0.471660
    5      467.175616        0.476240
    5      468.175616        0.480833
    5      469.175616        0.485429
    5      470.175616        0.490022
    5      471.175616        0.494603
    5      472.175616        0.499164
    5      473.175616        0.503696
    5      474.175616        0.508189
    5      475.175616        0.512634
    5      476.175616        0.517021
    5      477.175616        0.521340
    5      478.175616        0.525581
    5      479.175616        0.529732
    5      480.175616        0.533783
    5      481.175616        0.537724
    5      482.175616        0.541542
    5      483.175616        0.545228
    5      484.175616        0.548771
    5      485.175616        0.552158
    5      486.175616        0.555382
    5      487.175616        0.558429
    5      488.175616        0.561292
    5      489.175616        0.563960
    5      490.175616        0.566424
    5      491.175616        0.568676
    5      492.175616        0.570707
    5      493.175616        0.572511
    5      494.175616        0.574080
    5      495.175616        0.575410
    5      496.175616        0.576494
    5      497.175616        0.577330
    5      498.175616        0.577914
    5      499.175616        0.578243
    5      500.175616        0.578317
    5      501.175616        0.578135
    5      502.175616        0.577698
    5      503.175616        0.577007
    5      504.175616        0.576065
    5      505.175616        0.574876
    5      506.175616        0.573445
    5      507.175616        0.571775
    5      508.175616        0.569874
    5      509.175616        0.567749
    5      510.175616        0.565406
    5      511.175616        0.562855
    5      512.175616        0.560104
    5      513.175616        0.557161
    5      514.175616        0.554038
    5      515.175616        0.550744
    5      516.175616        0.547290
    5      517.175616        0.543685
    5      518.175616        0.539942
    5      519.175616        0.536070
    5      520.175616        0.532082
    5      521.175616        0.527987
    5      521.231181        0.527756
